410 
   1    0    0 
   -1    0    0 
   0    -1    0 
   -0.7071067812    0.7071067812    0 
   0.7071067812    0.7071067812    0 
   0    -0.7071067812    0.7071067812 
   0    -0.7071067812    -0.7071067812 
   -0.9238795325    0    0.3826834324 
   0    -0.9238795325    0.3826834324 
   0.4082482905    -0.8164965809    0.4082482905 
   -0.8164965809    0.4082482905    0.4082482905 
   -0.9238795325    0.3826834324    0 
   0    0.9238795325    -0.3826834324 
   -0.4082482905    0.8164965809    -0.4082482905 
   0.9238795325    -0.3826834324    0 
   0.8164965809    -0.4082482905    -0.4082482905 
   0.9238795325    0    -0.3826834324 
   0    0.3826834324    0.9238795325 
   0    -0.9238795325    -0.3826834324 
   -0.4082482905    -0.8164965809    -0.4082482905 
   -0.4082482905    -0.4082482905    -0.8164965809 
   0    -0.3826834324    -0.9238795325 
   0.4082482905    -0.4082482905    -0.8164965809 
   0.4082482905    -0.4082482905    0.8164965809 
   0.9238795325    0    0.3826834324 
   0.8164965809    -0.4082482905    0.4082482905 
   0.4082482905    0.4082482905    0.8164965809 
   0.3826834324    0.9238795325    0 
   0.8164965809    0.4082482905    -0.4082482905 
   0.9238795325    0.3826834324    0 
   0.4082482905    0.8164965809    0.4082482905 
   0.2113248654    0.7886751346    -0.5773502692 
   0.2088465989    0.8903200345    -0.4046150446 
   -0.7886751346    -0.5773502692    -0.2113248654 
   -0.9596829823    -0.1987568534    -0.1987568534 
   -0.9807852804    -0.195090322    0 
   -0.8903200345    -0.2088465989    -0.4046150446 
   -0.8314696123    0    -0.555570233 
   -0.8903200345    0.2088465989    -0.4046150446 
   -0.7886751346    0.2113248654    -0.5773502692 
   -0.7886751346    -0.2113248654    -0.5773502692 
   0    0.195090322    -0.9807852804 
   -0.195090322    0    -0.9807852804 
   0.9596829823    -0.1987568534    0.1987568534 
   0.9807852804    -0.195090322    0 
   0.9596829823    0.1987568534    0.1987568534 
   0.2113248654    0.5773502692    -0.7886751346 
   0.2088465989    0.4046150446    -0.8903200345 
   -0.6396021491    0.4264014327    -0.6396021491 
   -0.6396021491    0.6396021491    -0.4264014327 
   -0.5773502692    0.2113248654    -0.7886751346 
   -0.555570233    0    -0.8314696123 
   -0.2113248654    0.5773502692    -0.7886751346 
   -0.4046150446    -0.2088465989    0.8903200345 
   -0.2088465989    0.4046150446    0.8903200345 
   0.6396021491    -0.4264014327    0.6396021491 
   -0.5773502692    0.2113248654    0.7886751346 
   0.8314696123    -0.555570233    0 
   -0.4046150446    -0.8903200345    -0.2088465989 
   0    -0.9807852804    -0.195090322 
   -0.195090322    -0.9807852804    0 
   -0.2088465989    -0.8903200345    -0.4046150446 
   0.195090322    0.9807852804    0 
   0.1987568534    0.9596829823    -0.1987568534 
   0.6396021491    0.6396021491    0.4264014327 
   0.4264014327    0.6396021491    0.6396021491 
   0.8903200345    0.2088465989    0.4046150446 
   0.8903200345    0.4046150446    0.2088465989 
   0.7886751346    0.2113248654    0.5773502692 
   0.5773502692    0.7886751346    0.2113248654 
   0.195090322    0    -0.9807852804 
   0.1987568534    0.1987568534    -0.9596829823 
   0.4046150446    0.2088465989    -0.8903200345 
   0.1987568534    -0.1987568534    -0.9596829823 
   0.2088465989    -0.4046150446    -0.8903200345 
   0.555570233    0    0.8314696123 
   0.1987568534    0.1987568534    0.9596829823 
   -0.6396021491    0.6396021491    0.4264014327 
   -0.7886751346    0.2113248654    0.5773502692 
   -0.8314696123    0    0.555570233 
   -0.6396021491    -0.4264014327    0.6396021491 
   -0.8903200345    -0.2088465989    0.4046150446 
   -0.8903200345    -0.4046150446    0.2088465989 
   0.5773502692    -0.2113248654    -0.7886751346 
   0.4046150446    -0.8903200345    0.2088465989 
   0.1987568534    -0.9596829823    -0.1987568534 
   -0.2113248654    0.7886751346    0.5773502692 
   -0.9596829823    0.1987568534    -0.1987568534 
   0.9596829823    -0.1987568534    -0.1987568534 
   0.9807852804    0    -0.195090322 
   0.2113248654    -0.7886751346    -0.5773502692 
   -0.2113248654    -0.7886751346    -0.5773502692 
   0.2088465989    -0.8903200345    0.4046150446 
   0    -0.8314696123    0.555570233 
   0.1987568534    -0.9596829823    0.1987568534 
   -0.1987568534    -0.9596829823    0.1987568534 
   -0.555570233    0.8314696123    0 
   -0.8314696123    0.555570233    0 
   0.8903200345    -0.4046150446    -0.2088465989 
   0.8903200345    -0.2088465989    -0.4046150446 
   0.6396021491    0.6396021491    -0.4264014327 
   0.8903200345    0.4046150446    -0.2088465989 
   0.7886751346    0.5773502692    -0.2113248654 
   -0.9951847267    0    0.0980171403 
   -0.9951847267    0.0980171403    0 
   -0.9951847267    0    -0.0980171403 
   -0.9902528528    -0.0984867696    0.0984867696 
   -0.0980171403    0    -0.9951847267 
   0    -0.0980171403    0.9951847267 
   0    0.9951847267    0.0980171403 
   0.0984867696    0.9902528528    0.0984867696 
   0.0980171403    0.9951847267    0 
   -0.0980171403    0.9951847267    0 
   -0.0984867696    0.9902528528    0.0984867696 
   -0.8685133718    -0.1053474007    -0.4843412519 
   0.2934701937    0.1003184913    0.950689984 
   -0.2902846773    0    -0.9569403357 
   -0.1979147287    -0.0998786107    -0.9751174408 
   0.0984867696    -0.0984867696    -0.9902528528 
   -0.0984867696    -0.0984867696    -0.9902528528 
   0    0.0980171403    0.9951847267 
   0.5698152236    0.8148701867    -0.1062882393 
   0.6343932842    0.7730104534    0 
   0.6477702898    0.7543444795    -0.1065741897 
   0.1979147287    0.9751174408    -0.0998786107 
   -0.8148701867    -0.5698152236    0.1062882393 
   -0.8685133718    -0.4843412519    0.1053474007 
   -0.8819212643    -0.4713967368    0 
   -0.8437454923    -0.4934670583    0.2111487784 
   -0.8819212643    0    -0.4713967368 
   -0.9122715297    -0.1050186593    -0.3958935935 
   -0.8685133718    -0.4843412519    -0.1053474007 
   -0.9122715297    -0.3958935935    -0.1050186593 
   -0.8437454923    -0.4934670583    -0.2111487784 
   -0.8095113395    -0.3124597141    -0.4970516254 
   -0.8095113395    -0.4970516254    -0.3124597141 
   -0.6907683582    -0.6907683582    -0.2137244738 
   -0.6477702898    -0.7543444795    -0.1065741897 
   0.8437454923    0.4934670583    0.2111487784 
   0.9951847267    0.0980171403    0 
   0.9902528528    0.0984867696    0.0984867696 
   0.9951847267    0    0.0980171403 
   -0.1979147287    -0.9751174408    -0.0998786107 
   -0.1003184913    -0.950689984    -0.2934701937 
   0.9122715297    -0.1050186593    0.3958935935 
   0.8819212643    0    0.4713967368 
   0.9951847267    0    -0.0980171403 
   -0.4713967368    0    -0.8819212643 
   -0.3958935935    -0.1050186593    -0.9122715297 
   -0.3034852838    -0.2050172536    -0.9305184621 
   -0.4843412519    -0.1053474007    0.8685133718 
   -0.3958935935    -0.1050186593    0.9122715297 
   -0.3958935935    0.1050186593    0.9122715297 
   -0.4843412519    0.1053474007    0.8685133718 
   0.8437454923    0.4934670583    -0.2111487784 
   0.8582739368    0.4087489004    -0.3103065996 
   0.8095113395    0.4970516254    -0.3124597141 
   0.6907683582    0.6907683582    -0.2137244738 
   0.7543444795    0.6477702898    -0.1065741897 
   0.3124597141    0.4970516254    0.8095113395 
   0.2111487784    0.4934670583    0.8437454923 
   0.2111487784    0.4934670583    -0.8437454923 
   0.3217868312    0.7206866372    -0.6140553771 
   0.3217868312    0.6140553771    -0.7206866372 
   0.1065741897    0.7543444795    -0.6477702898 
   0.1003184913    0.2934701937    -0.950689984 
   0.1979147287    0.0998786107    -0.9751174408 
   0.4218387356    0.735924101    -0.5295921059 
   0.2934701937    0.950689984    0.1003184913 
   -0.8148701867    -0.1062882393    0.5698152236 
   -0.1050186593    0.3958935935    -0.9122715297 
   -0.4843412519    0.1053474007    -0.8685133718 
   -0.3103065996    0.4087489004    -0.8582739368 
   0.8095113395    -0.4970516254    -0.3124597141 
   0.735924101    -0.5295921059    -0.4218387356 
   0.5295921059    0.4218387356    -0.735924101 
   0.5698152236    0.1062882393    0.8148701867 
   0.6477702898    0.1065741897    0.7543444795 
   0.8148701867    0.1062882393    0.5698152236 
   0.6469966392    -0.539163866    0.539163866 
   0.539163866    -0.539163866    0.6469966392 
   0.4218387356    -0.735924101    -0.5295921059 
   0.3124597141    -0.8095113395    -0.4970516254 
   0.9751174408    0.1979147287    -0.0998786107 
   0.8148701867    -0.1062882393    0.5698152236 
   0.8437454923    -0.2111487784    0.4934670583 
   0.5698152236    -0.1062882393    0.8148701867 
   0.4934670583    -0.2111487784    0.8437454923 
   0.6140553771    -0.3217868312    0.7206866372 
   0.7206866372    -0.3217868312    0.6140553771 
   -0.4087489004    0.3103065996    0.8582739368 
   -0.3097126319    0.3097126319    0.8989750671 
   0.9902528528    -0.0984867696    0.0984867696 
   -0.4087489004    -0.3103065996    -0.8582739368 
   0    -0.8819212643    -0.4713967368 
   -0.3034852838    -0.9305184621    -0.2050172536 
   -0.3097126319    -0.8989750671    -0.3097126319 
   -0.1062882393    -0.5698152236    -0.8148701867 
   -0.3103065996    -0.4087489004    -0.8582739368 
   -0.2050172536    -0.3034852838    -0.9305184621 
   -0.0984867696    0.0984867696    0.9902528528 
   0.8148701867    0.5698152236    0.1062882393 
   0.8685133718    0.4843412519    0.1053474007 
   0.8148701867    0.5698152236    -0.1062882393 
   0.7730104534    0.6343932842    0 
   0    0.2902846773    0.9569403357 
   0.1003184913    0.2934701937    0.950689984 
   0.1050186593    0.3958935935    0.9122715297 
   0.4087489004    0.8582739368    -0.3103065996 
   0.2111487784    0.8437454923    -0.4934670583 
   0    0.8819212643    -0.4713967368 
   -0.4713967368    0.8819212643    0 
   -0.5698152236    0.1062882393    0.8148701867 
   -0.4970516254    0.3124597141    0.8095113395 
   -0.8989750671    -0.3097126319    0.3097126319 
   -0.8582739368    -0.4087489004    0.3103065996 
   0.6477702898    0.7543444795    0.1065741897 
   0.5698152236    0.8148701867    0.1062882393 
   0.6907683582    0.6907683582    0.2137244738 
   -0.1062882393    0.5698152236    -0.8148701867 
   -0.3124597141    0.4970516254    -0.8095113395 
   -0.1003184913    0.2934701937    -0.950689984 
   -0.0998786107    0.1979147287    -0.9751174408 
   -0.1979147287    0.0998786107    -0.9751174408 
   0.8582739368    -0.3103065996    -0.4087489004 
   0.8095113395    -0.3124597141    -0.4970516254 
   0.8437454923    -0.2111487784    -0.4934670583 
   0.4087489004    0.3103065996    -0.8582739368 
   0.4934670583    0.2111487784    -0.8437454923 
   0.3958935935    0.1050186593    -0.9122715297 
   0.4713967368    0    -0.8819212643 
   0.6140553771    0.7206866372    -0.3217868312 
   0.539163866    0.6469966392    -0.539163866 
   0.735924101    0.4218387356    -0.5295921059 
   0.4843412519    0.1053474007    0.8685133718 
   0.4934670583    0.2111487784    0.8437454923 
   -0.2934701937    0.1003184913    0.950689984 
   -0.2050172536    0.3034852838    0.9305184621 
   -0.1003184913    0.2934701937    0.950689984 
   0.1979147287    -0.0998786107    -0.9751174408 
   0.1003184913    -0.2934701937    -0.950689984 
   0.950689984    0.1003184913    0.2934701937 
   0.9751174408    0.1979147287    0.0998786107 
   0.8582739368    0.3103065996    -0.4087489004 
   0.8989750671    0.3097126319    -0.3097126319 
   0.735924101    -0.5295921059    0.4218387356 
   0.735924101    -0.4218387356    0.5295921059 
   0.8095113395    -0.3124597141    0.4970516254 
   -0.0984867696    -0.9902528528    0.0984867696 
   -0.9751174408    0.1979147287    -0.0998786107 
   -0.2111487784    0.8437454923    -0.4934670583 
   0.3124597141    0.8095113395    0.4970516254 
   -0.2902846773    0.9569403357    0 
   0.950689984    -0.1003184913    0.2934701937 
   0.9305184621    -0.2050172536    0.3034852838 
   0.950689984    -0.2934701937    0.1003184913 
   -0.4087489004    -0.8582739368    -0.3103065996 
   -0.1062882393    -0.8148701867    -0.5698152236 
   -0.3124597141    -0.8095113395    -0.4970516254 
   0.9122715297    0.3958935935    0.1050186593 
   0.9305184621    0.3034852838    0.2050172536 
   0.950689984    0.2934701937    0.1003184913 
   0.1053474007    0.4843412519    0.8685133718 
   0.7730104534    0    -0.6343932842 
   0.6343932842    0    -0.7730104534 
   0.6477702898    0.1065741897    -0.7543444795 
   -0.5698152236    -0.1062882393    0.8148701867 
   0.3034852838    0.9305184621    0.2050172536 
   -0.5295921059    0.4218387356    -0.735924101 
   -0.6140553771    0.3217868312    -0.7206866372 
   -0.6477702898    0.1065741897    -0.7543444795 
   -0.7543444795    -0.1065741897    -0.6477702898 
   -0.6477702898    -0.1065741897    -0.7543444795 
   0.9122715297    0.1050186593    -0.3958935935 
   0.3124597141    -0.4970516254    -0.8095113395 
   0.3217868312    -0.6140553771    -0.7206866372 
   0    -0.7730104534    0.6343932842 
   0.8582739368    0.3103065996    0.4087489004 
   0.8095113395    0.3124597141    0.4970516254 
   0.9122715297    0.1050186593    0.3958935935 
   0.8685133718    0.1053474007    0.4843412519 
   0.3217868312    0.7206866372    0.6140553771 
   -0.1062882393    -0.8148701867    0.5698152236 
   -0.1065741897    -0.7543444795    0.6477702898 
   -0.2902846773    -0.9569403357    0 
   -0.9751174408    -0.1979147287    -0.0998786107 
   -0.9305184621    -0.3034852838    -0.2050172536 
   -0.950689984    -0.2934701937    -0.1003184913 
   -0.950689984    0.2934701937    -0.1003184913 
   -0.1065741897    0.7543444795    0.6477702898 
   0.8582739368    -0.4087489004    -0.3103065996 
   0.8685133718    -0.4843412519    -0.1053474007 
   0.8819212643    -0.4713967368    0 
   0.8437454923    -0.4934670583    0.2111487784 
   0.9122715297    -0.3958935935    0.1050186593 
   0.8582739368    -0.4087489004    0.3103065996 
   0.8989750671    -0.3097126319    0.3097126319 
   0.1065741897    -0.7543444795    -0.6477702898 
   0    -0.7730104534    -0.6343932842 
   0.1062882393    -0.5698152236    -0.8148701867 
   0.1065741897    -0.6477702898    -0.7543444795 
   -0.1065741897    -0.6477702898    -0.7543444795 
   -0.2111487784    0.4934670583    0.8437454923 
   -0.3124597141    0.4970516254    0.8095113395 
   -0.4218387356    0.5295921059    0.735924101 
   -0.3217868312    0.7206866372    0.6140553771 
   0.6477702898    -0.1065741897    -0.7543444795 
   0.7206866372    0.3217868312    -0.6140553771 
   -0.539163866    0.539163866    -0.6469966392 
   -0.6140553771    -0.3217868312    -0.7206866372 
   -0.6469966392    -0.539163866    -0.539163866 
   0.3103065996    -0.4087489004    -0.8582739368 
   0.2111487784    -0.4934670583    -0.8437454923 
   0.1050186593    -0.3958935935    -0.9122715297 
   0.1053474007    -0.4843412519    -0.8685133718 
   0.1003184913    -0.950689984    -0.2934701937 
   0    -0.9569403357    0.2902846773 
   -0.1003184913    -0.950689984    0.2934701937 
   0.2050172536    -0.9305184621    0.3034852838 
   0    -0.8819212643    0.4713967368 
   -0.6469966392    -0.539163866    0.539163866 
   -0.6140553771    -0.3217868312    0.7206866372 
   -0.6907683582    -0.2137244738    0.6907683582 
   -0.950689984    -0.2934701937    0.1003184913 
   -0.9305184621    -0.3034852838    0.2050172536 
   -0.9751174408    -0.0998786107    0.1979147287 
   -0.950689984    -0.1003184913    0.2934701937 
   0    -0.6343932842    0.7730104534 
   -0.2111487784    -0.4934670583    0.8437454923 
   0    -0.2902846773    0.9569403357 
   -0.2050172536    -0.3034852838    0.9305184621 
   -0.1979147287    -0.0998786107    0.9751174408 
   -0.6477702898    -0.7543444795    0.1065741897 
   -0.5698152236    -0.8148701867    0.1062882393 
   -0.6477702898    0.7543444795    -0.1065741897 
   -0.7543444795    0.6477702898    -0.1065741897 
   -0.8148701867    0.5698152236    -0.1062882393 
   -0.7730104534    0.6343932842    0 
   -0.4970516254    0.8095113395    0.3124597141 
   -0.5295921059    0.735924101    0.4218387356 
   -0.3124597141    0.8095113395    0.4970516254 
   -0.3103065996    0.8582739368    0.4087489004 
   0.9751174408    -0.1979147287    -0.0998786107 
   0.9751174408    -0.0998786107    -0.1979147287 
   0.9305184621    -0.2050172536    -0.3034852838 
   -0.3217868312    -0.6140553771    -0.7206866372 
   -0.3217868312    -0.7206866372    -0.6140553771 
   -0.539163866    -0.6469966392    -0.539163866 
   -0.4218387356    -0.5295921059    -0.735924101 
   0.3958935935    -0.1050186593    -0.9122715297 
   0.4843412519    -0.1053474007    -0.8685133718 
   0.4934670583    -0.2111487784    -0.8437454923 
   0.4087489004    -0.3103065996    -0.8582739368 
   0.3097126319    -0.3097126319    -0.8989750671 
   0.539163866    -0.539163866    -0.6469966392 
   0.5295921059    -0.4218387356    -0.735924101 
   0.6140553771    -0.3217868312    -0.7206866372 
   0.6469966392    -0.539163866    -0.539163866 
   0.7206866372    -0.3217868312    -0.6140553771 
   0.735924101    -0.4218387356    -0.5295921059 
   -0.8685133718    0.1053474007    -0.4843412519 
   -0.8437454923    0.2111487784    -0.4934670583 
   0.2111487784    -0.8437454923    -0.4934670583 
   0.3103065996    -0.8582739368    -0.4087489004 
   0.1050186593    -0.9122715297    -0.3958935935 
   0.1053474007    -0.8685133718    -0.4843412519 
   0    -0.9951847267    -0.0980171403 
   0.7543444795    -0.6477702898    -0.1065741897 
   0.7730104534    -0.6343932842    0 
   0.7543444795    -0.6477702898    0.1065741897 
   0.0984867696    -0.9902528528    -0.0984867696 
   0.3217868312    -0.6140553771    0.7206866372 
   0.1003184913    -0.2934701937    0.950689984 
   0.7206866372    0.6140553771    0.3217868312 
   0.539163866    0.6469966392    0.539163866 
   -0.4970516254    -0.3124597141    0.8095113395 
   -0.7730104534    0    0.6343932842 
   -0.6477702898    -0.1065741897    0.7543444795 
   -0.6343932842    0    0.7730104534 
   -0.6907683582    0.2137244738    0.6907683582 
   -0.1050186593    -0.9122715297    0.3958935935 
   -0.9122715297    0.3958935935    0.1050186593 
   -0.9122715297    0.3958935935    -0.1050186593 
   -0.8437454923    0.4934670583    -0.2111487784 
   -0.4934670583    0.8437454923    0.2111487784 
   -0.3958935935    0.9122715297    0.1050186593 
   -0.3097126319    0.8989750671    0.3097126319 
   -0.7206866372    0.3217868312    0.6140553771 
   -0.6140553771    0.3217868312    0.7206866372 
   -0.539163866    0.539163866    0.6469966392 
   -0.6469966392    0.539163866    0.539163866 
   -0.9122715297    0.1050186593    0.3958935935 
   -0.8437454923    0.2111487784    0.4934670583 
   -0.7543444795    0.6477702898    0.1065741897 
   0.4970516254    -0.8095113395    -0.3124597141 
   0.6140553771    -0.7206866372    -0.3217868312 
   0.6907683582    -0.6907683582    -0.2137244738 
   0.4934670583    -0.8437454923    0.2111487784 
   0.4087489004    -0.8582739368    0.3103065996 
   0.3958935935    -0.9122715297    0.1050186593 
   0.4713967368    -0.8819212643    0 
   -0.9751174408    0.1979147287    0.0998786107 
   -0.9751174408    0.0998786107    0.1979147287 
   -0.9305184621    0.3034852838    0.2050172536 
   -0.950689984    0.1003184913    0.2934701937 
   -0.8095113395    0.3124597141    0.4970516254 
   0.3958935935    -0.9122715297    -0.1050186593 
   0.4934670583    -0.8437454923    -0.2111487784 
   0.3034852838    -0.9305184621    -0.2050172536 
   0.4087489004    -0.8582739368    -0.3103065996 
816 
230 229 231 
209 168 210 
242 67 46 
124 123 5 
230 72 73 
116 76 188 
177 236 178 
372 373 24 
9 93 319 
141 242 46 
279 27 375 
208 18 207 
253 114 386 
112 113 64 
58 368 369 
372 24 181 
112 63 125 
398 10 246 
246 296 294 
190 56 189 
219 374 65 
277 6 372 
209 122 28 
116 77 121 
103 101 157 
197 144 62 
203 139 68 
164 165 163 
109 116 373 
212 385 97 
125 28 63 
243 46 262 
71 167 42 
334 381 96 
48 228 72 
32 165 210 
166 171 222 
367 371 3 
164 163 233 
111 268 169 
92 62 259 
204 159 103 
139 374 278 
155 102 156 
203 204 30 
355 357 358 
280 281 67 
97 212 335 
189 181 24 
116 235 76 
163 32 210 
161 27 77 
207 18 206 
279 375 65 
29 234 157 
103 155 157 
202 205 204 
282 252 375 
64 13 33 
268 218 70 
217 218 70 
295 296 297 
142 254 242 
261 67 278 
53 165 220 
203 202 204 
172 51 173 
309 14 50 
122 28 218 
217 70 219 
175 358 360 
248 26 247 
372 181 10 
249 3 61 
116 188 373 
184 90 274 
274 244 245 
248 190 186 
68 260 203 
282 290 263 
95 3 317 
209 232 122 
359 307 357 
266 176 308 
252 31 375 
360 16 226 
315 314 22 
354 241 74 
396 175 397 
370 246 294 
159 205 5 
244 308 234 
185 187 178 
15 99 343 
158 101 103 
124 122 232 
249 96 318 
401 369 368 
73 228 229 
314 241 22 
171 48 166 
346 347 348 
319 317 95 
269 51 270 
228 162 176 
230 71 350 
249 317 3 
224 172 117 
258 195 62 
230 72 167 
147 90 184 
110 113 112 
249 317 318 
109 116 121 
334 285 59 
230 73 229 
90 17 274 
193 44 254 
155 156 157 
163 165 32 
254 44 255 
146 185 179 
145 186 185 
315 313 300 
102 245 156 
229 228 176 
91 276 182 
158 124 159 
371 400 407 
85 398 400 
242 25 280 
180 10 181 
255 297 186 
284 328 6 
64 33 209 
64 209 28 
398 246 370 
184 30 102 
208 18 263 
234 176 308 
233 176 234 
42 166 222 
261 68 278 
162 164 176 
155 204 103 
259 347 348 
395 410 182 
140 141 243 
69 27 279 
158 159 103 
164 233 176 
233 234 101 
232 233 101 
363 183 91 
60 19 316 
9 317 319 
365 366 363 
119 71 240 
241 120 119 
162 47 164 
351 231 350 
171 162 48 
299 298 7 
92 258 62 
174 175 16 
263 290 303 
398 399 10 
312 353 23 
184 274 245 
77 207 121 
371 95 400 
30 204 155 
262 46 261 
60 316 371 
236 27 77 
15 256 45 
5 123 217 
102 30 155 
18 263 303 
264 266 308 
186 190 185 
292 293 15 
10 180 246 
277 93 94 
31 65 375 
398 399 85 
93 10 399 
328 373 372 
156 244 29 
357 307 84 
400 401 407 
407 409 86 
111 63 112 
49 269 309 
17 264 274 
179 69 281 
156 29 157 
66 160 282 
203 202 139 
228 73 72 
297 26 248 
400 398 401 
370 294 58 
312 23 275 
13 211 33 
259 348 20 
56 180 181 
9 320 93 
93 319 399 
99 89 343 
256 297 44 
309 221 53 
245 244 156 
370 58 369 
72 166 42 
15 295 256 
166 48 72 
185 190 187 
94 320 93 
278 279 374 
173 221 171 
254 25 242 
178 236 69 
284 6 277 
93 372 10 
173 51 269 
367 371 60 
161 282 263 
120 43 118 
236 27 69 
292 368 58 
235 236 116 
344 90 147 
203 30 260 
184 245 102 
261 262 260 
187 188 76 
217 123 218 
279 65 374 
247 26 246 
120 108 43 
344 90 17 
146 25 145 
248 247 190 
149 148 117 
247 246 180 
45 256 193 
179 178 69 
89 344 343 
23 353 356 
262 184 30 
211 251 13 
224 117 43 
150 149 117 
345 100 225 
187 76 178 
150 117 118 
268 70 31 
172 117 148 
15 343 45 
295 297 256 
268 31 252 
253 13 251 
142 1 140 
251 309 53 
71 108 42 
158 124 232 
171 221 53 
343 147 45 
43 117 118 
319 85 95 
142 242 141 
14 309 251 
251 53 165 
112 125 64 
113 114 253 
171 53 220 
253 251 14 
33 209 210 
64 28 125 
28 268 218 
292 368 174 
140 142 141 
193 1 142 
45 147 1 
56 247 180 
297 296 26 
171 220 162 
60 19 144 
253 113 13 
371 95 3 
173 172 224 
168 163 210 
256 44 193 
19 195 365 
221 173 269 
222 173 224 
401 408 407 
111 252 268 
350 240 74 
49 309 50 
87 290 252 
205 219 5 
205 202 219 
401 398 370 
252 290 282 
246 26 296 
63 28 169 
110 252 111 
87 252 110 
46 67 261 
66 282 375 
174 16 291 
116 236 77 
277 372 93 
25 146 280 
262 30 260 
243 141 46 
243 184 262 
185 178 179 
219 217 5 
202 374 219 
292 174 99 
319 399 85 
193 45 1 
186 145 255 
9 317 318 
137 20 348 
6 328 372 
251 165 211 
146 281 280 
346 349 348 
174 368 397 
386 385 212 
311 137 348 
188 189 24 
28 169 268 
69 279 67 
67 279 278 
343 344 147 
69 67 281 
1 147 140 
76 177 178 
140 184 243 
20 197 259 
177 236 235 
261 260 68 
190 189 187 
189 188 187 
280 67 242 
409 407 408 
409 408 410 
186 297 248 
190 247 56 
189 56 181 
145 254 255 
259 197 62 
59 285 196 
96 334 285 
311 348 349 
177 76 235 
59 196 197 
196 144 197 
318 381 96 
58 294 293 
401 370 369 
160 27 161 
274 264 308 
292 15 99 
244 274 308 
292 58 293 
140 147 184 
3 367 61 
61 143 285 
207 208 77 
60 144 143 
196 143 144 
196 285 143 
367 143 61 
223 224 108 
42 223 222 
25 254 145 
265 231 351 
48 162 228 
265 266 231 
220 47 162 
16 175 360 
220 165 47 
229 176 266 
193 254 142 
367 60 143 
293 294 295 
92 347 259 
92 302 347 
302 346 347 
198 346 302 
352 84 351 
299 7 302 
299 302 258 
92 258 302 
299 195 258 
182 276 355 
294 296 295 
146 145 185 
313 75 312 
230 167 71 
144 62 19 
183 91 182 
198 315 300 
198 200 22 
200 120 22 
200 118 120 
108 224 43 
223 222 224 
42 108 223 
211 165 210 
200 150 118 
200 150 199 
199 150 194 
150 149 194 
194 149 273 
149 273 52 
271 273 52 
172 271 52 
52 172 148 
148 149 52 
172 51 271 
51 271 270 
271 270 40 
49 270 40 
49 362 40 
361 362 40 
361 38 40 
38 271 40 
38 271 272 
271 273 272 
273 310 272 
272 310 41 
310 135 41 
135 37 41 
41 37 115 
115 37 131 
131 37 35 
37 287 35 
287 288 35 
35 288 286 
36 288 286 
106 36 286 
106 35 286 
131 106 35 
88 106 131 
88 131 130 
130 115 131 
38 130 115 
272 38 115 
272 41 115 
361 130 38 
361 39 130 
88 130 39 
88 39 384 
384 362 39 
361 39 362 
49 384 362 
49 50 384 
50 384 336 
337 384 336 
337 336 338 
338 336 4 
336 335 4 
97 335 4 
4 97 385 
386 253 212 
50 14 335 
50 336 335 
47 165 164 
173 171 222 
309 269 221 
212 14 335 
232 168 209 
124 122 123 
233 163 168 
168 232 233 
66 27 160 
204 205 159 
266 229 231 
101 234 157 
212 253 14 
64 13 113 
114 386 387 
386 385 387 
339 385 387 
339 387 342 
110 342 387 
110 114 387 
110 114 113 
87 342 110 
111 169 63 
122 218 123 
282 160 161 
70 219 65 
158 232 101 
110 111 112 
202 374 139 
68 139 278 
66 375 27 
31 70 65 
161 77 208 
188 24 373 
201 121 109 
109 332 201 
237 332 201 
238 237 201 
238 239 201 
201 239 206 
18 206 239 
55 18 239 
55 238 239 
192 55 238 
237 192 238 
192 153 237 
152 153 237 
152 237 332 
152 54 332 
331 54 332 
331 332 330 
109 330 332 
109 330 373 
328 373 330 
328 330 329 
331 329 330 
331 329 376 
376 81 329 
321 81 329 
321 329 284 
328 284 329 
400 95 85 
284 283 277 
94 283 277 
320 283 94 
320 381 283 
381 321 283 
283 284 321 
334 321 381 
333 321 334 
333 334 138 
334 59 138 
138 59 257 
59 197 257 
20 197 257 
137 20 257 
138 137 257 
34 137 138 
126 34 138 
126 333 138 
129 126 333 
321 129 333 
216 321 129 
83 129 216 
216 83 215 
325 83 215 
327 215 325 
326 327 325 
326 325 324 
324 325 83 
324 83 127 
83 129 127 
129 127 126 
128 127 126 
128 126 132 
126 132 34 
134 132 34 
134 34 136 
137 34 136 
311 137 136 
311 136 135 
37 136 135 
37 136 287 
136 134 287 
133 287 134 
134 133 132 
128 133 132 
128 324 133 
288 324 133 
288 133 287 
288 36 324 
107 324 36 
107 2 36 
36 2 106 
106 2 105 
104 105 2 
107 104 2 
107 104 326 
326 104 403 
104 105 403 
105 402 403 
404 402 403 
404 405 403 
405 403 327 
326 403 327 
327 8 405 
8 405 392 
404 405 392 
404 393 392 
80 392 393 
80 393 79 
406 393 79 
406 388 79 
388 380 79 
79 377 380 
377 380 379 
379 380 213 
213 380 57 
389 380 57 
57 214 389 
214 390 389 
389 391 390 
340 391 390 
306 340 390 
306 305 390 
214 390 305 
191 214 305 
191 305 304 
304 306 305 
303 304 306 
290 306 303 
55 18 303 
303 304 55 
55 304 192 
191 304 192 
192 153 191 
154 153 191 
214 191 154 
214 154 57 
154 213 57 
154 213 151 
151 213 267 
379 213 267 
379 267 378 
322 378 267 
322 376 267 
151 376 267 
151 376 54 
331 376 54 
151 152 54 
154 152 151 
152 154 153 
322 81 376 
323 81 322 
378 323 322 
377 378 323 
377 170 323 
170 323 82 
82 323 81 
82 81 216 
81 216 321 
215 82 216 
215 327 82 
82 327 8 
82 8 170 
80 8 170 
377 80 170 
80 79 377 
80 8 392 
377 379 378 
263 161 208 
281 146 179 
201 206 121 
87 306 290 
341 306 87 
341 342 87 
341 342 340 
339 342 340 
78 339 340 
78 340 391 
11 78 391 
406 11 391 
406 391 388 
388 391 389 
389 380 388 
406 393 11 
404 11 393 
382 11 404 
382 404 402 
382 12 402 
289 12 402 
250 289 402 
250 105 402 
106 250 105 
250 106 88 
250 289 88 
88 383 289 
383 12 289 
383 12 98 
382 12 98 
382 98 394 
338 98 394 
338 4 394 
4 394 385 
339 394 385 
78 394 339 
11 394 78 
382 394 11 
337 98 338 
383 98 337 
383 384 337 
88 383 384 
341 306 340 
107 326 324 
324 127 128 
310 311 135 
310 311 349 
21 310 349 
21 349 199 
346 199 349 
198 199 346 
198 200 199 
21 194 199 
21 310 194 
194 310 273 
320 9 381 
9 381 318 
121 207 206 
159 124 5 
244 234 29 
255 44 297 
33 211 210 
264 265 266 
167 72 42 
270 49 269 
61 96 285 
249 96 61 
371 407 86 
293 295 15 
401 397 408 
401 368 397 
100 227 225 
356 23 275 
99 345 291 
16 225 226 
360 226 359 
174 397 175 
359 226 227 
99 174 291 
316 86 371 
227 226 225 
227 17 264 
359 227 264 
345 225 291 
16 291 225 
316 19 365 
100 17 227 
99 89 345 
89 344 345 
345 344 17 
100 345 17 
182 396 395 
364 183 363 
365 363 364 
355 356 357 
408 395 396 
408 396 397 
300 302 301 
410 408 395 
19 62 195 
365 195 366 
409 410 364 
410 364 182 
299 366 195 
298 301 7 
301 302 7 
316 365 364 
86 316 364 
86 364 409 
364 183 182 
299 298 366 
198 315 22 
119 120 108 
198 302 300 
71 119 108 
298 91 366 
91 363 366 
357 356 352 
84 357 352 
22 120 241 
84 307 351 
230 350 231 
276 275 355 
354 350 74 
74 119 240 
350 71 240 
307 264 265 
241 119 74 
314 241 75 
315 75 314 
315 313 75 
75 241 354 
350 354 353 
351 350 352 
352 350 353 
307 265 351 
359 264 307 
354 353 312 
75 354 312 
313 312 275 
356 353 352 
360 358 359 
298 276 91 
298 301 276 
300 276 301 
300 313 276 
276 313 275 
355 356 275 
358 357 359 
182 355 358 
182 358 396 
396 358 175 
