410 
   -1    0    0 
   0    -1    0 
   0    1    0 
   -0.7071067812    0.7071067812    0 
   -0.7071067812    0    0.7071067812 
   -0.7071067812    -0.7071067812    0 
   0    -0.7071067812    0.7071067812 
   0.7071067812    -0.7071067812    0 
   -0.9238795325    -0.3826834324    0 
   -0.9238795325    0    0.3826834324 
   -0.4082482905    -0.4082482905    0.8164965809 
   -0.3826834324    -0.9238795325    0 
   0    -0.9238795325    0.3826834324 
   -0.8164965809    -0.4082482905    -0.4082482905 
   0    0.9238795325    -0.3826834324 
   0    0.3826834324    0.9238795325 
   -0.4082482905    0.4082482905    0.8164965809 
   -0.4082482905    0.8164965809    0.4082482905 
   -0.4082482905    -0.8164965809    -0.4082482905 
   -0.4082482905    -0.4082482905    -0.8164965809 
   0    -0.3826834324    -0.9238795325 
   0.4082482905    -0.8164965809    -0.4082482905 
   0.9238795325    0    0.3826834324 
   0.4082482905    0.8164965809    0.4082482905 
   0.8164965809    0.4082482905    0.4082482905 
   -0.2113248654    0.7886751346    -0.5773502692 
   -0.8314696123    -0.555570233    0 
   -0.9807852804    0    -0.195090322 
   -0.9596829823    -0.1987568534    -0.1987568534 
   -0.9807852804    -0.195090322    0 
   -0.8903200345    -0.2088465989    -0.4046150446 
   -0.195090322    0    -0.9807852804 
   0.7886751346    -0.2113248654    0.5773502692 
   0.8314696123    0    0.555570233 
   -0.5773502692    -0.7886751346    -0.2113248654 
   -0.6396021491    -0.6396021491    -0.4264014327 
   0.9807852804    0    0.195090322 
   0.9596829823    -0.1987568534    0.1987568534 
   0.8903200345    -0.4046150446    0.2088465989 
   -0.9596829823    -0.1987568534    0.1987568534 
   -0.9807852804    0    0.195090322 
   -0.1987568534    -0.1987568534    -0.9596829823 
   0    -0.195090322    -0.9807852804 
   -0.6396021491    0.4264014327    -0.6396021491 
   -0.6396021491    0.6396021491    -0.4264014327 
   -0.4264014327    0.6396021491    -0.6396021491 
   -0.2088465989    0.4046150446    -0.8903200345 
   -0.2113248654    0.5773502692    -0.7886751346 
   -0.4046150446    -0.2088465989    0.8903200345 
   -0.1987568534    0.1987568534    0.9596829823 
   -0.4046150446    0.2088465989    0.8903200345 
   0.5773502692    -0.2113248654    0.7886751346 
   -0.5773502692    -0.2113248654    0.7886751346 
   -0.555570233    0    0.8314696123 
   -0.1987568534    -0.9596829823    -0.1987568534 
   -0.2088465989    -0.8903200345    -0.4046150446 
   0.195090322    0.9807852804    0 
   0.6396021491    0.4264014327    0.6396021491 
   0.7886751346    0.2113248654    0.5773502692 
   -0.4264014327    -0.6396021491    -0.6396021491 
   -0.2088465989    -0.4046150446    -0.8903200345 
   -0.195090322    0.9807852804    0 
   0.7886751346    0.5773502692    0.2113248654 
   0.4046150446    -0.2088465989    -0.8903200345 
   0.2088465989    -0.4046150446    -0.8903200345 
   0.2088465989    -0.4046150446    0.8903200345 
   0.2088465989    0.4046150446    0.8903200345 
   -0.7886751346    0.2113248654    0.5773502692 
   -0.8903200345    0.2088465989    0.4046150446 
   -0.6396021491    -0.6396021491    0.4264014327 
   -0.7886751346    -0.2113248654    0.5773502692 
   0.5773502692    -0.2113248654    -0.7886751346 
   0.2088465989    -0.8903200345    -0.4046150446 
   0.2113248654    -0.5773502692    0.7886751346 
   -0.9807852804    0.195090322    0 
   -0.8903200345    0.4046150446    -0.2088465989 
   -0.9596829823    0.1987568534    0.1987568534 
   0.2113248654    -0.5773502692    -0.7886751346 
   0.4264014327    -0.6396021491    -0.6396021491 
   0.2113248654    -0.7886751346    -0.5773502692 
   0.1987568534    -0.9596829823    0.1987568534 
   0    -0.9807852804    0.195090322 
   -0.2088465989    -0.8903200345    0.4046150446 
   -0.1987568534    -0.9596829823    0.1987568534 
   -0.7886751346    0.5773502692    -0.2113248654 
   -0.7886751346    0.5773502692    0.2113248654 
   0.7886751346    -0.5773502692    -0.2113248654 
   0.7886751346    -0.2113248654    -0.5773502692 
   0.8314696123    0    -0.555570233 
   0.7886751346    0.2113248654    -0.5773502692 
   -0.9951847267    0.0980171403    0 
   -0.9902528528    0.0984867696    -0.0984867696 
   -0.9951847267    0    -0.0980171403 
   -0.9902528528    -0.0984867696    0.0984867696 
   0.0980171403    0    -0.9951847267 
   0    0.0980171403    -0.9951847267 
   -0.0980171403    0    -0.9951847267 
   0    0.9951847267    0.0980171403 
   0.0984867696    0.9902528528    0.0984867696 
   0.0980171403    0.9951847267    0 
   -0.0980171403    0.9951847267    0 
   0    0.9569403357    0.2902846773 
   -0.8685133718    -0.1053474007    -0.4843412519 
   -0.8437454923    -0.2111487784    -0.4934670583 
   0.2934701937    0.1003184913    0.950689984 
   0.1050186593    0.3958935935    -0.9122715297 
   0.1053474007    0.4843412519    -0.8685133718 
   -0.1979147287    -0.0998786107    -0.9751174408 
   0.0984867696    -0.0984867696    -0.9902528528 
   -0.0984867696    -0.0984867696    -0.9902528528 
   -0.0998786107    -0.1979147287    -0.9751174408 
   0.0984867696    0.0984867696    0.9902528528 
   0    0.0980171403    0.9951847267 
   0.6343932842    0.7730104534    0 
   -0.8819212643    0    0.4713967368 
   -0.9122715297    -0.1050186593    0.3958935935 
   -0.8148701867    -0.5698152236    -0.1062882393 
   -0.8685133718    -0.4843412519    0.1053474007 
   -0.8819212643    -0.4713967368    0 
   -0.9122715297    -0.1050186593    -0.3958935935 
   -0.8685133718    -0.4843412519    -0.1053474007 
   -0.9122715297    -0.3958935935    -0.1050186593 
   -0.8582739368    -0.4087489004    -0.3103065996 
   -0.8989750671    -0.3097126319    -0.3097126319 
   -0.735924101    -0.5295921059    -0.4218387356 
   -0.6907683582    -0.6907683582    -0.2137244738 
   -0.6140553771    -0.7206866372    -0.3217868312 
   0.8582739368    0.4087489004    0.3103065996 
   0.8095113395    0.4970516254    0.3124597141 
   0.9951847267    0.0980171403    0 
   -0.1003184913    -0.950689984    -0.2934701937 
   0.4843412519    -0.1053474007    0.8685133718 
   0.9951847267    0    -0.0980171403 
   -0.4713967368    0    -0.8819212643 
   -0.3958935935    -0.1050186593    -0.9122715297 
   -0.4843412519    0.1053474007    0.8685133718 
   0.8095113395    0.4970516254    -0.3124597141 
   0.6907683582    0.6907683582    -0.2137244738 
   0.3124597141    0.4970516254    0.8095113395 
   0.2111487784    0.4934670583    0.8437454923 
   0.1062882393    0.5698152236    -0.8148701867 
   0.1065741897    0.6477702898    -0.7543444795 
   0.0998786107    0.1979147287    -0.9751174408 
   -0.4843412519    0.8685133718    -0.1053474007 
   -0.8437454923    -0.2111487784    0.4934670583 
   0.3124597141    0.4970516254    -0.8095113395 
   -0.3958935935    0.1050186593    -0.9122715297 
   -0.4087489004    0.3103065996    -0.8582739368 
   0.8095113395    -0.4970516254    -0.3124597141 
   0.7206866372    -0.6140553771    -0.3217868312 
   0.5295921059    0.4218387356    -0.735924101 
   0.539163866    0.539163866    -0.6469966392 
   0.6140553771    0.3217868312    -0.7206866372 
   0.5698152236    0.1062882393    0.8148701867 
   0.6343932842    0    0.7730104534 
   0.7543444795    0.1065741897    0.6477702898 
   0.6907683582    0.2137244738    0.6907683582 
   0.539163866    -0.539163866    0.6469966392 
   0.3124597141    -0.8095113395    -0.4970516254 
   0.3217868312    -0.7206866372    -0.6140553771 
   0.539163866    -0.6469966392    -0.539163866 
   0.5295921059    -0.735924101    -0.4218387356 
   0.8148701867    -0.1062882393    0.5698152236 
   0.7543444795    -0.1065741897    0.6477702898 
   0.6477702898    -0.1065741897    0.7543444795 
   0.5698152236    -0.1062882393    0.8148701867 
   0.6140553771    -0.3217868312    0.7206866372 
   0.6907683582    -0.2137244738    0.6907683582 
   -0.3097126319    0.3097126319    0.8989750671 
   0.9951847267    -0.0980171403    0 
   0.9902528528    -0.0984867696    -0.0984867696 
   0.9902528528    -0.0984867696    0.0984867696 
   -0.4087489004    -0.3103065996    -0.8582739368 
   -0.1050186593    -0.9122715297    -0.3958935935 
   -0.2050172536    -0.9305184621    -0.3034852838 
   -0.3034852838    -0.9305184621    -0.2050172536 
   -0.3097126319    -0.3097126319    -0.8989750671 
   -0.2050172536    -0.3034852838    -0.9305184621 
   0.8148701867    0.5698152236    -0.1062882393 
   0.7730104534    0.6343932842    0 
   0.7543444795    0.6477702898    0.1065741897 
   0    0.2902846773    0.9569403357 
   0.1003184913    0.2934701937    0.950689984 
   0.2050172536    0.3034852838    0.9305184621 
   0.1050186593    0.3958935935    0.9122715297 
   -0.1062882393    0.8148701867    -0.5698152236 
   0.2934701937    0.1003184913    -0.950689984 
   0.4713967368    0.8819212643    0 
   -0.4934670583    0.2111487784    0.8437454923 
   -0.4970516254    0.3124597141    0.8095113395 
   -0.8095113395    -0.3124597141    0.4970516254 
   0.2050172536    0.9305184621    0.3034852838 
   0.1050186593    0.9122715297    0.3958935935 
   -0.1062882393    0.5698152236    -0.8148701867 
   -0.2111487784    0.4934670583    -0.8437454923 
   -0.1065741897    0.6477702898    -0.7543444795 
   -0.2137244738    0.6907683582    -0.6907683582 
   -0.1003184913    0.2934701937    -0.950689984 
   -0.2050172536    0.3034852838    -0.9305184621 
   0.8095113395    -0.3124597141    -0.4970516254 
   0.8437454923    -0.2111487784    -0.4934670583 
   0.8148701867    -0.1062882393    -0.5698152236 
   0.8685133718    -0.1053474007    -0.4843412519 
   0.4087489004    0.3103065996    -0.8582739368 
   0.4934670583    0.2111487784    -0.8437454923 
   0.3097126319    0.3097126319    -0.8989750671 
   0.4713967368    0    -0.8819212643 
   0.6140553771    0.7206866372    -0.3217868312 
   0.7206866372    0.6140553771    -0.3217868312 
   0.5295921059    0.735924101    -0.4218387356 
   -0.1050186593    -0.3958935935    -0.9122715297 
   -0.1003184913    -0.2934701937    -0.950689984 
   0    -0.2902846773    -0.9569403357 
   0.3958935935    0.1050186593    0.9122715297 
   0.4843412519    0.1053474007    0.8685133718 
   0.4970516254    0.3124597141    0.8095113395 
   0.4087489004    0.3103065996    0.8582739368 
   0.3097126319    0.3097126319    0.8989750671 
   -0.2050172536    0.3034852838    0.9305184621 
   -0.0998786107    0.1979147287    0.9751174408 
   -0.1003184913    0.2934701937    0.950689984 
   -0.1050186593    0.3958935935    0.9122715297 
   0.950689984    0.1003184913    0.2934701937 
   0.9751174408    0.0998786107    0.1979147287 
   0.9751174408    0.1979147287    0.0998786107 
   0.9305184621    0.3034852838    -0.2050172536 
   0.735924101    -0.4218387356    0.5295921059 
   -0.5698152236    -0.8148701867    -0.1062882393 
   -0.4934670583    -0.8437454923    -0.2111487784 
   -0.9751174408    0.1979147287    -0.0998786107 
   -0.950689984    0.1003184913    -0.2934701937 
   -0.2111487784    0.8437454923    -0.4934670583 
   -0.3124597141    0.8095113395    -0.4970516254 
   0.1065741897    0.7543444795    0.6477702898 
   0.9751174408    -0.0998786107    0.1979147287 
   0.950689984    -0.1003184913    0.2934701937 
   0.9569403357    -0.2902846773    0 
   0.950689984    -0.2934701937    0.1003184913 
   -0.3103065996    -0.8582739368    -0.4087489004 
   -0.4970516254    -0.8095113395    -0.3124597141 
   -0.1062882393    -0.8148701867    -0.5698152236 
   0.9122715297    0.3958935935    -0.1050186593 
   0.9122715297    0.3958935935    0.1050186593 
   0.950689984    0.2934701937    -0.1003184913 
   0.950689984    0.2934701937    0.1003184913 
   0.1062882393    0.5698152236    0.8148701867 
   0    0.6343932842    0.7730104534 
   0.7730104534    0    -0.6343932842 
   0.7543444795    -0.1065741897    -0.6477702898 
   0.6343932842    0    -0.7730104534 
   0.6477702898    0.1065741897    -0.7543444795 
   -0.5698152236    -0.1062882393    0.8148701867 
   0.3034852838    0.9305184621    0.2050172536 
   0.3097126319    0.8989750671    0.3097126319 
   -0.5295921059    0.4218387356    -0.735924101 
   -0.6477702898    0.1065741897    -0.7543444795 
   -0.6343932842    0    -0.7730104534 
   -0.7543444795    -0.1065741897    -0.6477702898 
   -0.7730104534    0    -0.6343932842 
   -0.6477702898    -0.1065741897    -0.7543444795 
   0.8685133718    0.1053474007    -0.4843412519 
   0.3217868312    -0.6140553771    -0.7206866372 
   0.2137244738    -0.6907683582    -0.6907683582 
   0.1065741897    -0.7543444795    0.6477702898 
   0    -0.7730104534    0.6343932842 
   0.1062882393    -0.8148701867    0.5698152236 
   0.8989750671    0.3097126319    0.3097126319 
   0.8095113395    0.3124597141    0.4970516254 
   0.8437454923    0.2111487784    0.4934670583 
   0.4218387356    0.5295921059    0.735924101 
   -0.735924101    -0.5295921059    0.4218387356 
   0    -0.4713967368    0.8819212643 
   -0.4713967368    -0.8819212643    0 
   -0.2934701937    -0.950689984    0.1003184913 
   -0.9751174408    -0.0998786107    -0.1979147287 
   -0.9751174408    -0.1979147287    -0.0998786107 
   -0.9569403357    -0.2902846773    0 
   -0.1065741897    0.7543444795    0.6477702898 
   0    0.7730104534    0.6343932842 
   -0.2934701937    0.950689984    -0.1003184913 
   -0.2111487784    0.8437454923    0.4934670583 
   0.8437454923    -0.4934670583    -0.2111487784 
   0.8582739368    -0.4087489004    -0.3103065996 
   0.8685133718    -0.4843412519    -0.1053474007 
   0.8819212643    -0.4713967368    0 
   0.8989750671    -0.3097126319    -0.3097126319 
   0.8437454923    -0.4934670583    0.2111487784 
   0.8148701867    -0.5698152236    0.1062882393 
   0.8989750671    -0.3097126319    0.3097126319 
   0.1062882393    -0.8148701867    -0.5698152236 
   0    -0.6343932842    -0.7730104534 
   0.1062882393    -0.5698152236    -0.8148701867 
   -0.1065741897    -0.6477702898    -0.7543444795 
   -0.1065741897    -0.7543444795    -0.6477702898 
   -0.1062882393    0.5698152236    0.8148701867 
   -0.3124597141    0.4970516254    0.8095113395 
   0.6477702898    -0.1065741897    -0.7543444795 
   0.8437454923    0.2111487784    -0.4934670583 
   0.6907683582    0.2137244738    -0.6907683582 
   -0.6469966392    0.539163866    -0.539163866 
   -0.7206866372    -0.3217868312    -0.6140553771 
   -0.6140553771    -0.3217868312    -0.7206866372 
   -0.6469966392    -0.539163866    -0.539163866 
   -0.735924101    -0.4218387356    -0.5295921059 
   -0.7543444795    0.1065741897    -0.6477702898 
   -0.8148701867    0.1062882393    -0.5698152236 
   -0.7206866372    0.3217868312    -0.6140553771 
   0.2111487784    -0.4934670583    -0.8437454923 
   0.2050172536    -0.3034852838    -0.9305184621 
   0.1053474007    -0.4843412519    -0.8685133718 
   0.0998786107    -0.9751174408    0.1979147287 
   0.1003184913    -0.950689984    0.2934701937 
   0.2050172536    -0.9305184621    0.3034852838 
   0.1053474007    -0.8685133718    0.4843412519 
   0.6140553771    0.3217868312    0.7206866372 
   0.7206866372    0.3217868312    0.6140553771 
   0.735924101    0.4218387356    0.5295921059 
   0.539163866    0.539163866    0.6469966392 
   -0.7206866372    -0.3217868312    0.6140553771 
   -0.6469966392    -0.539163866    0.539163866 
   -0.6907683582    -0.2137244738    0.6907683582 
   -0.539163866    -0.6469966392    0.539163866 
   -0.4218387356    -0.735924101    0.5295921059 
   -0.9751174408    -0.1979147287    0.0998786107 
   -0.950689984    -0.2934701937    0.1003184913 
   -0.9751174408    -0.0998786107    0.1979147287 
   -0.9305184621    -0.2050172536    0.3034852838 
   -0.950689984    -0.1003184913    0.2934701937 
   0    -0.6343932842    0.7730104534 
   -0.3217868312    -0.6140553771    0.7206866372 
   -0.1003184913    -0.2934701937    0.950689984 
   0    -0.2902846773    0.9569403357 
   -0.0998786107    -0.1979147287    0.9751174408 
   -0.3034852838    -0.2050172536    0.9305184621 
   -0.2934701937    -0.1003184913    0.950689984 
   -0.4970516254    -0.8095113395    0.3124597141 
   -0.6907683582    0.6907683582    -0.2137244738 
   -0.7206866372    0.6140553771    -0.3217868312 
   -0.8095113395    0.4970516254    -0.3124597141 
   -0.6477702898    0.7543444795    -0.1065741897 
   -0.7543444795    0.6477702898    -0.1065741897 
   -0.8148701867    0.5698152236    -0.1062882393 
   -0.4970516254    0.8095113395    0.3124597141 
   -0.539163866    0.6469966392    0.539163866 
   0.9751174408    -0.1979147287    -0.0998786107 
   0.9305184621    -0.3034852838    -0.2050172536 
   -0.3217868312    -0.6140553771    -0.7206866372 
   -0.4218387356    -0.735924101    -0.5295921059 
   0.3958935935    -0.1050186593    -0.9122715297 
   0.3034852838    -0.2050172536    -0.9305184621 
   0.4970516254    -0.3124597141    -0.8095113395 
   0.539163866    -0.539163866    -0.6469966392 
   0.6140553771    -0.3217868312    -0.7206866372 
   0.6469966392    -0.539163866    -0.539163866 
   0.7206866372    -0.3217868312    -0.6140553771 
   0.735924101    -0.4218387356    -0.5295921059 
   -0.9122715297    0.1050186593    -0.3958935935 
   -0.9305184621    0.2050172536    -0.3034852838 
   -0.8685133718    0.1053474007    -0.4843412519 
   0.2111487784    -0.8437454923    -0.4934670583 
   0.1050186593    -0.9122715297    -0.3958935935 
   0    -0.9951847267    -0.0980171403 
   0    -0.9951847267    0.0980171403 
   0.0980171403    -0.9951847267    0 
   0.0984867696    -0.9902528528    -0.0984867696 
   0.1979147287    -0.9751174408    -0.0998786107 
   0.3217868312    -0.6140553771    0.7206866372 
   0.2050172536    -0.3034852838    0.9305184621 
   0.3034852838    -0.2050172536    0.9305184621 
   0.6140553771    0.7206866372    0.3217868312 
   0.5295921059    0.735924101    0.4218387356 
   -0.4087489004    -0.3103065996    0.8582739368 
   -0.4218387356    -0.5295921059    0.735924101 
   -0.6477702898    0.1065741897    0.7543444795 
   -0.8148701867    0.1062882393    0.5698152236 
   -0.2050172536    -0.9305184621    0.3034852838 
   -0.9122715297    0.3958935935    0.1050186593 
   -0.3034852838    -0.9305184621    0.2050172536 
   -0.4934670583    -0.8437454923    0.2111487784 
   -0.4843412519    -0.8685133718    0.1053474007 
   -0.3097126319    -0.8989750671    0.3097126319 
   -0.9122715297    0.3958935935    -0.1050186593 
   -0.8437454923    0.4934670583    -0.2111487784 
   -0.8582739368    0.4087489004    -0.3103065996 
   -0.8989750671    0.3097126319    -0.3097126319 
   -0.4087489004    0.8582739368    0.3103065996 
   -0.3034852838    0.9305184621    0.2050172536 
   -0.3958935935    0.9122715297    0.1050186593 
   -0.3097126319    0.8989750671    0.3097126319 
   0.2934701937    -0.950689984    0.1003184913 
   0.2902846773    -0.9569403357    0 
   -0.6469966392    0.539163866    0.539163866 
   -0.9122715297    0.1050186593    0.3958935935 
   -0.8437454923    0.2111487784    0.4934670583 
   -0.8437454923    0.4934670583    0.2111487784 
   -0.6907683582    0.6907683582    0.2137244738 
   0.6907683582    -0.6907683582    -0.2137244738 
   0.4087489004    -0.8582739368    0.3103065996 
   0.3958935935    -0.9122715297    0.1050186593 
   0.4713967368    -0.8819212643    0 
   0.4843412519    -0.8685133718    0.1053474007 
   -0.9751174408    0.1979147287    0.0998786107 
   -0.9305184621    0.3034852838    0.2050172536 
   -0.950689984    0.1003184913    0.2934701937 
   -0.735924101    0.4218387356    0.5295921059 
   -0.8582739368    0.3103065996    0.4087489004 
   -0.8095113395    0.4970516254    0.3124597141 
   0.4843412519    -0.8685133718    -0.1053474007 
   0.3034852838    -0.9305184621    -0.2050172536 
   0.4087489004    -0.8582739368    -0.3103065996 
816 
265 323 330 
156 155 164 
138 179 180 
82 376 13 
138 209 179 
269 23 223 
162 22 159 
398 266 367 
183 16 185 
73 361 360 
264 265 7 
254 253 192 
193 102 281 
78 263 292 
398 367 158 
39 287 289 
294 290 291 
90 298 261 
204 151 205 
205 153 251 
170 237 345 
272 74 66 
331 333 332 
222 16 295 
64 349 350 
133 226 244 
112 105 184 
279 234 193 
368 332 369 
160 79 161 
8 288 284 
205 151 153 
216 318 270 
152 90 153 
267 223 224 
275 93 28 
363 82 311 
210 208 209 
242 244 243 
102 193 192 
170 172 237 
288 398 401 
350 65 64 
21 213 309 
179 243 180 
80 290 263 
262 352 79 
87 397 8 
114 181 370 
274 55 2 
38 289 236 
114 370 188 
269 223 267 
371 317 370 
221 222 16 
215 217 214 
362 365 364 
217 270 139 
310 292 291 
226 298 137 
132 166 215 
187 349 109 
129 25 128 
168 52 165 
152 146 151 
299 90 248 
264 7 329 
157 156 59 
43 309 213 
400 401 399 
155 154 166 
330 272 329 
132 215 214 
268 25 317 
237 238 285 
138 180 114 
402 377 75 
171 345 346 
41 402 77 
164 33 168 
297 355 249 
366 391 364 
226 133 261 
250 251 248 
207 251 250 
152 209 137 
162 159 161 
129 63 370 
10 41 328 
208 114 188 
33 164 163 
250 248 249 
377 342 382 
244 245 243 
368 66 332 
251 299 248 
331 272 332 
314 13 265 
236 163 23 
268 269 267 
406 407 403 
333 332 112 
366 365 361 
102 192 99 
130 244 225 
160 80 263 
59 156 34 
105 369 112 
132 369 105 
264 266 265 
165 155 166 
158 66 167 
167 52 168 
217 139 218 
211 310 291 
174 361 241 
164 168 165 
133 244 130 
316 268 317 
210 209 152 
226 242 244 
400 399 391 
179 209 137 
367 74 66 
13 83 265 
397 162 150 
208 138 114 
298 226 261 
129 128 243 
313 314 398 
362 131 365 
84 376 82 
2 363 274 
399 390 391 
33 227 168 
162 161 150 
287 39 285 
172 38 238 
398 314 266 
361 290 360 
361 290 241 
299 153 90 
204 187 206 
261 133 203 
400 391 408 
227 33 289 
34 23 269 
212 21 213 
82 13 312 
399 398 390 
292 78 308 
283 282 149 
168 227 167 
266 314 265 
312 314 313 
8 400 408 
65 351 64 
284 87 8 
160 263 262 
369 66 368 
288 287 285 
355 88 200 
367 264 74 
236 289 163 
52 66 369 
398 313 81 
213 111 43 
84 82 363 
207 297 250 
159 73 360 
151 146 204 
212 211 21 
292 308 310 
264 329 74 
364 390 81 
409 73 410 
162 397 410 
410 73 22 
408 391 409 
312 81 313 
2 55 362 
294 291 293 
312 13 314 
355 200 356 
211 21 310 
43 109 309 
214 218 105 
211 291 293 
263 291 292 
64 72 349 
350 349 109 
201 286 200 
353 354 352 
362 364 2 
284 237 285 
360 80 159 
159 22 73 
353 355 297 
345 237 346 
364 391 390 
363 311 364 
353 72 297 
203 133 171 
78 308 262 
207 72 297 
408 409 410 
356 149 354 
409 361 73 
352 161 79 
183 184 185 
23 163 34 
172 235 38 
356 283 149 
159 80 160 
262 351 352 
161 354 150 
174 361 131 
354 355 356 
262 263 78 
8 408 397 
352 354 161 
203 202 89 
284 288 285 
201 88 202 
355 249 88 
246 247 295 
72 64 351 
21 309 65 
8 401 400 
188 57 253 
182 112 183 
278 247 295 
397 408 410 
200 283 356 
72 351 353 
154 216 215 
155 157 154 
207 187 205 
95 109 110 
187 109 95 
309 350 109 
21 65 310 
223 37 224 
161 159 160 
2 364 363 
91 402 41 
262 308 351 
317 129 370 
409 391 366 
402 377 403 
105 218 184 
52 166 165 
366 361 409 
201 202 203 
204 146 206 
360 290 80 
88 249 202 
207 205 251 
369 332 112 
166 154 215 
286 283 200 
16 246 295 
75 382 230 
102 389 281 
170 130 172 
346 284 282 
227 158 167 
205 187 204 
137 298 90 
316 317 58 
182 16 183 
114 180 181 
208 209 138 
358 230 385 
382 76 230 
316 58 315 
283 346 282 
288 401 8 
283 286 346 
155 165 164 
171 286 203 
157 316 315 
167 66 52 
172 130 37 
248 89 202 
39 289 238 
245 267 225 
330 329 7 
157 59 316 
59 34 269 
130 224 37 
364 81 311 
157 155 156 
171 170 345 
236 37 235 
87 150 397 
88 201 200 
354 149 150 
248 202 249 
261 203 89 
171 346 286 
346 237 284 
242 137 179 
158 367 66 
39 238 285 
87 282 284 
238 289 38 
236 235 38 
163 164 34 
203 286 201 
266 264 367 
267 224 225 
162 410 22 
67 140 185 
179 242 243 
152 137 90 
92 231 230 
163 289 33 
237 172 238 
23 37 236 
90 261 89 
99 98 102 
140 185 246 
109 43 110 
315 318 216 
94 326 41 
1 91 41 
94 41 1 
365 131 361 
365 366 364 
52 369 132 
25 129 317 
272 11 331 
170 133 130 
52 132 166 
218 139 67 
172 37 235 
278 279 247 
25 267 128 
58 318 315 
251 153 299 
25 268 267 
156 164 34 
214 217 218 
157 315 154 
24 253 254 
267 245 243 
128 267 243 
316 59 268 
253 57 99 
112 184 183 
59 269 268 
130 225 224 
246 139 234 
234 247 246 
76 385 230 
395 377 403 
220 113 182 
407 395 403 
129 243 63 
234 270 24 
77 402 403 
1 91 93 
91 92 93 
357 358 231 
231 358 230 
357 120 231 
92 28 93 
246 140 139 
113 112 182 
333 112 113 
315 216 154 
28 120 231 
275 28 120 
24 270 318 
244 225 245 
370 63 181 
98 387 102 
254 192 193 
216 217 215 
217 216 270 
182 16 221 
220 182 221 
353 355 354 
149 87 150 
65 308 351 
312 311 81 
58 317 318 
371 318 317 
404 10 41 
326 328 41 
92 75 230 
92 28 231 
91 75 92 
91 402 75 
234 139 270 
404 69 77 
41 77 404 
75 377 382 
406 69 403 
69 403 77 
139 140 67 
24 318 371 
184 218 67 
279 193 281 
184 67 185 
24 254 193 
342 383 382 
76 383 382 
76 383 384 
383 339 384 
339 307 384 
384 385 307 
307 385 359 
357 385 359 
357 103 359 
306 103 359 
307 306 359 
306 307 305 
307 305 256 
305 259 256 
256 259 257 
260 259 257 
134 260 257 
134 256 257 
147 134 256 
147 148 256 
148 255 256 
255 307 256 
44 255 307 
300 44 307 
300 339 307 
338 339 300 
338 45 300 
45 46 300 
300 46 255 
48 46 255 
195 48 255 
195 255 148 
195 47 148 
47 199 148 
147 199 148 
147 32 199 
198 199 32 
198 96 32 
96 97 32 
32 110 97 
95 110 97 
95 96 97 
95 96 143 
96 198 143 
198 143 106 
143 106 206 
146 206 106 
146 106 107 
106 107 194 
107 194 141 
194 196 141 
196 142 141 
142 146 141 
141 146 107 
152 146 142 
152 210 142 
210 142 15 
142 186 15 
15 186 232 
186 26 232 
233 232 26 
233 46 26 
197 46 26 
186 197 26 
196 186 197 
48 196 197 
197 46 48 
194 48 196 
195 48 194 
47 194 195 
47 106 194 
47 106 198 
47 199 198 
142 186 196 
45 46 233 
144 45 233 
280 144 233 
280 232 233 
232 15 280 
280 101 15 
3 101 15 
3 100 15 
100 57 15 
15 210 57 
210 57 188 
100 99 57 
99 100 98 
100 3 98 
3 98 101 
98 101 62 
62 280 101 
388 62 280 
388 144 280 
4 144 388 
4 388 396 
343 388 396 
396 344 343 
343 344 18 
344 281 18 
281 389 18 
389 386 18 
386 343 18 
386 343 388 
387 388 386 
389 387 386 
370 253 24 
370 188 253 
192 253 99 
278 279 281 
281 278 344 
344 278 296 
295 278 296 
222 295 296 
219 222 296 
169 219 296 
296 169 17 
169 190 17 
17 190 392 
190 392 405 
407 405 392 
392 396 407 
396 86 407 
407 86 395 
86 395 342 
377 342 395 
86 4 342 
4 341 342 
85 342 341 
341 85 337 
85 337 338 
338 337 45 
144 45 337 
340 144 337 
341 337 340 
4 340 341 
4 144 340 
85 339 338 
85 383 339 
383 342 85 
86 396 4 
392 396 344 
17 392 344 
296 17 344 
406 407 405 
394 405 406 
394 69 406 
69 393 394 
393 375 394 
394 375 68 
68 375 374 
375 5 374 
5 54 374 
374 136 54 
136 54 335 
54 49 335 
49 334 335 
335 333 334 
333 334 331 
372 334 331 
11 331 372 
53 11 372 
49 53 372 
49 334 372 
252 49 53 
252 321 53 
321 319 53 
319 11 53 
319 11 373 
373 11 330 
332 272 66 
214 132 105 
335 333 113 
335 50 113 
50 113 220 
234 24 193 
279 247 234 
16 185 246 
401 398 399 
398 81 390 
311 82 312 
263 290 291 
131 175 174 
56 175 174 
174 241 56 
56 239 241 
239 348 241 
348 294 241 
290 294 241 
43 111 110 
65 310 308 
309 65 350 
133 170 171 
90 89 248 
23 37 223 
376 13 83 
226 137 242 
352 351 353 
87 149 282 
180 63 181 
180 243 63 
102 387 389 
188 208 210 
288 398 287 
187 143 206 
95 187 143 
160 262 79 
111 110 108 
110 32 108 
32 108 135 
108 42 135 
177 42 135 
177 173 135 
173 260 135 
260 134 135 
147 134 135 
147 32 135 
173 302 260 
302 301 260 
260 301 258 
258 104 301 
304 301 104 
14 304 104 
14 104 31 
104 103 31 
120 103 31 
29 31 120 
29 275 120 
275 276 29 
276 29 122 
124 29 122 
124 123 122 
122 123 121 
123 117 121 
117 27 121 
27 119 121 
122 119 121 
122 119 9 
118 9 119 
119 118 27 
118 27 6 
117 27 6 
117 6 126 
6 228 126 
228 126 35 
127 126 35 
127 35 240 
229 35 240 
240 176 229 
229 12 176 
12 176 55 
55 176 175 
239 176 175 
56 239 175 
19 176 239 
19 239 348 
19 240 348 
240 127 348 
348 127 36 
36 126 127 
36 125 126 
125 117 126 
123 117 125 
14 123 125 
14 125 304 
125 303 304 
301 304 303 
301 303 302 
60 302 303 
60 303 348 
303 348 36 
303 125 36 
60 347 348 
347 294 348 
347 294 293 
61 293 347 
20 347 61 
20 61 177 
178 177 61 
211 178 61 
61 211 293 
72 207 349 
213 111 212 
111 42 212 
42 178 212 
211 212 178 
42 178 177 
111 42 108 
20 177 173 
302 20 173 
60 20 302 
60 20 347 
14 124 123 
14 124 31 
29 124 31 
19 240 176 
131 55 175 
131 55 362 
363 84 274 
378 274 84 
378 376 84 
265 330 7 
83 323 265 
398 158 227 
272 329 74 
323 322 330 
322 330 373 
320 322 373 
320 373 319 
191 320 319 
71 191 319 
71 321 319 
71 321 5 
252 321 5 
252 5 54 
252 49 54 
115 71 5 
375 5 115 
115 393 375 
393 10 115 
10 116 115 
115 116 145 
116 327 145 
191 327 145 
71 191 145 
145 115 71 
191 327 271 
327 118 271 
118 70 271 
70 320 271 
191 320 271 
322 70 320 
336 70 322 
336 322 323 
336 323 381 
83 381 323 
376 83 381 
378 376 381 
379 381 378 
379 380 378 
380 274 378 
274 380 12 
380 273 12 
229 12 273 
228 229 273 
380 228 273 
6 380 228 
6 380 379 
336 6 379 
379 336 381 
70 6 336 
118 70 6 
35 228 229 
274 12 55 
327 118 325 
118 9 325 
325 9 277 
277 122 9 
277 276 122 
277 30 276 
93 276 30 
1 93 30 
30 94 1 
324 94 30 
277 324 30 
325 277 324 
325 324 40 
324 326 40 
326 40 328 
327 328 40 
325 327 40 
116 327 328 
328 10 116 
324 326 94 
275 93 276 
404 393 10 
404 393 69 
287 227 289 
287 398 227 
330 11 272 
24 371 370 
120 103 357 
258 103 104 
103 258 259 
260 258 259 
103 259 306 
306 305 259 
297 250 249 
207 349 187 
151 152 153 
219 221 222 
219 50 221 
50 220 221 
169 219 50 
51 50 169 
169 190 51 
190 189 51 
189 136 51 
51 136 335 
335 51 50 
374 136 189 
374 190 189 
374 190 68 
190 405 68 
394 405 68 
98 387 62 
387 388 62 
300 44 255 
357 358 385 
76 384 385 
